160x160 initial conditions, 2000 iterations each
      K     mean lambda   ln(K/2)   chaotic area   mean lambda on chaotic set
    0.5000     0.0041         nan      0.0084          0.0927
    0.8000     0.0167         nan      0.1030          0.1241
    0.9716     0.0452         nan      0.3192          0.1271
    1.2000     0.1107         nan      0.5782          0.1891
    1.5000     0.1973         nan      0.6716          0.2913
    2.0000     0.3323         nan      0.7430          0.4458
    3.0000     0.5887      0.4055      0.8804          0.6683
    4.0000     0.7575      0.6931      0.9129          0.8293
    5.0000     0.9573      0.9163      0.9812          0.9756
    6.0000     1.1325      1.0986      0.9964          1.1365
    6.2832     1.1694      1.1447      0.9975          1.1724
    6.5000     1.1992      1.1787      0.9927          1.2079
    7.0000     1.2769      1.2528      0.9999          1.2770
    8.0000     1.4036      1.3863      1.0000          1.4036
   10.0000     1.6200      1.6094      1.0000          1.6200
   12.5664     1.8436      1.8379      0.9993          1.8449
   15.0000     2.0196      2.0149      1.0000          2.0196
   20.0000     2.3053      2.3026      1.0000          2.3053
   30.0000     2.7091      2.7081      1.0000          2.7091
   50.0000     3.2191      3.2189      1.0000          3.2191
  100.0000     3.9121      3.9120      1.0000          3.9121

for K >= 10, |entropy estimate - ln(K/2)| <= 0.011
